-----HASIL INVERSE MATRIX-----
3.000 6.000 9.000 3.000
-1.000 0.000 1.000 0.000
1.000 3.000 2.000 -1.000
-1.000 -2.000 -2.000 1.000
Inverse untuk matrix di atas adalah: 
0.048 -0.714 -0.571 -0.714
0.000 -0.000 1.000 1.000
0.048 0.286 -0.571 -0.714
0.143 -0.143 0.286 0.857
